<!-- html table generated in R 3.3.1 by xtable 1.8-2 package -->
<!-- Wed Jun 21 15:48:03 2017 -->
<table border=1>
<caption align="bottom"> Police related fatalities in the U.S. by metro type and Census divsiion, 1/1/2013 - 5/8/2017 </caption>
<tr> <th> Division </th> <th> Large Central Metro </th> <th> Large Fringe Metro </th> <th> Medium Metro </th> <th> Small Metro </th> <th> Micropolitan </th> <th> Noncore </th> <th> Total </th>  </tr>
  <tr> <td> East North Central </td> <td> 323 </td> <td> 139 </td> <td> 127 </td> <td> 75 </td> <td> 81 </td> <td> 39 </td> <td> 784 </td> </tr>
  <tr> <td> East South Central </td> <td> 84 </td> <td> 39 </td> <td> 120 </td> <td> 83 </td> <td> 82 </td> <td> 97 </td> <td> 505 </td> </tr>
  <tr> <td> Middle Atlantic </td> <td> 166 </td> <td> 111 </td> <td> 110 </td> <td> 23 </td> <td> 23 </td> <td> 10 </td> <td> 443 </td> </tr>
  <tr> <td> Mountain </td> <td> 240 </td> <td> 57 </td> <td> 188 </td> <td> 110 </td> <td> 76 </td> <td> 39 </td> <td> 710 </td> </tr>
  <tr> <td> New England </td> <td> 23 </td> <td> 41 </td> <td> 54 </td> <td> 16 </td> <td> 13 </td> <td> 13 </td> <td> 160 </td> </tr>
  <tr> <td> Pacific </td> <td> 685 </td> <td> 179 </td> <td> 309 </td> <td> 98 </td> <td> 58 </td> <td> 21 </td> <td> 1350 </td> </tr>
  <tr> <td> South Atlantic </td> <td> 309 </td> <td> 394 </td> <td> 392 </td> <td> 115 </td> <td> 108 </td> <td> 75 </td> <td> 1393 </td> </tr>
  <tr> <td> West North Central </td> <td> 107 </td> <td> 91 </td> <td> 123 </td> <td> 64 </td> <td> 59 </td> <td> 63 </td> <td> 507 </td> </tr>
  <tr> <td> West South Central </td> <td> 476 </td> <td> 181 </td> <td> 283 </td> <td> 93 </td> <td> 120 </td> <td> 113 </td> <td> 1266 </td> </tr>
  <tr> <td> Total </td> <td> 2413 </td> <td> 1232 </td> <td> 1706 </td> <td> 677 </td> <td> 620 </td> <td> 470 </td> <td> 7118 </td> </tr>
   </table>
